../../.git/annex/objects/z0/vF/MD5E-s450150--4f45a9d6b26747a9a87d9cbe799129ae.tsv/MD5E-s450150--4f45a9d6b26747a9a87d9cbe799129ae.tsv